000117 0.9999711513519287 4 40 499 285
000268 0.9988019466400146 172 107 444 276
000268 0.9398614168167114 23 69 281 329
000514 0.9999516010284424 52 5 499 349
000610 0.9999347925186157 49 82 485 295
000647 0.9992488026618958 141 66 443 237
000730 0.9999678134918213 7 35 498 223
000763 0.9987962245941162 0 109 500 204
000815 0.9970173835754395 2 92 317 216
000815 0.9637624025344849 294 147 486 227
000872 0.9986518025398254 0 2 401 290
000872 0.8839800953865051 363 156 468 225
000896 0.9997676014900208 1 188 259 288
000934 0.9999874830245972 26 41 500 283
001012 0.9983372688293457 230 116 308 210
001102 0.9992480874061584 6 0 296 152
001102 0.9956197142601013 4 70 500 321
001102 0.9956003427505493 344 50 499 132
001107 0.9999455213546753 8 88 483 215
001144 0.9999889135360718 19 54 500 289
001160 0.9296809434890747 219 98 273 140
007049 0.9981264472007751 10 0 492 362
