000016 0.9985287189483643 107 63 294 471
000380 0.9991135001182556 8 2 498 327
000637 0.9999417066574097 11 5 483 373
000973 0.999908447265625 38 59 487 334
001184 0.9995724558830261 83 283 205 357
001215 0.9999380111694336 33 75 476 310
003469 0.9982351064682007 148 152 360 366
005146 0.9322118163108826 394 102 489 286
005146 0.8701120018959045 122 115 228 284
005146 0.7702928781509399 169 126 270 277
005146 0.7282262444496155 14 147 82 279
006990 0.9980949759483337 294 211 427 312
007140 0.9681276082992554 67 173 324 462
007543 0.9990148544311523 60 164 206 311
007543 0.9839218854904175 207 172 291 319
007543 0.9643469452857971 320 171 409 313
008433 0.9809684157371521 264 210 388 346
008433 0.9377421736717224 110 85 197 204
008433 0.5457772016525269 173 134 264 267
009568 0.9993218183517456 158 155 335 278
