000046 0.9996700286865234 215 231 315 354
000109 0.9998087286949158 6 0 487 244
000158 0.9854077696800232 193 91 268 207
000236 0.9999943971633911 85 168 269 310
000340 0.9991495609283447 335 130 443 361
000340 0.8580775260925293 78 55 179 271
000424 0.9620471000671387 187 198 284 255
000424 0.8940561413764954 417 174 490 223
000424 0.8224869966506958 66 165 137 224
000424 0.47283321619033813 327 215 393 247
000619 0.999076247215271 153 19 460 314
000682 0.9962917566299438 279 154 458 271
000714 0.9992167949676514 195 62 438 294
000832 0.9999185800552368 82 44 330 482
001004 0.42492541670799255 138 160 240 210
001041 0.9942072629928589 142 139 287 278
001074 0.9998499155044556 68 57 414 214
001136 0.9841148853302002 294 72 424 146
001136 0.4777359664440155 297 35 422 103
006739 0.9972042441368103 180 177 282 359
006739 0.9960159659385681 15 162 180 282
