000130 0.9986942410469055 0 18 500 259
000184 0.9954202771186829 2 0 312 375
000513 0.990584135055542 161 116 290 174
000513 0.9893386960029602 160 140 288 197
000563 0.7546905875205994 158 160 385 207
000608 0.9988712668418884 20 116 393 289
000608 0.7883939146995544 135 25 218 146
000826 0.9994094371795654 10 29 418 437
000931 0.5976492762565613 91 293 219 328
001121 0.9995606541633606 64 17 295 495
001136 0.9926566481590271 41 158 486 374
001176 0.9979300498962402 268 96 447 342
001176 0.763695240020752 199 295 252 318
001176 0.48228245973587036 464 256 491 308
001176 0.44525599479675293 143 265 178 316
002302 0.9999195337295532 131 65 484 326
008884 0.9999114274978638 0 2 378 270
009603 0.9876381158828735 9 152 500 373
009603 0.9465761780738831 1 57 500 296
