000007 0.9997270703315735 131 51 500 319
000020 0.9984973669052124 29 154 355 440
000060 0.9995526671409607 4 118 431 318
000060 0.9965325593948364 21 16 473 161
000060 0.9841229319572449 151 0 477 106
000060 0.9739607572555542 11 71 485 240
000142 0.9998962879180908 30 74 472 262
000156 0.8181756734848022 430 105 492 142
000180 0.9998705387115479 24 107 494 357
000221 0.9988077878952026 67 80 435 256
000233 0.9899961948394775 7 0 464 179
000233 0.42160171270370483 0 93 500 270
000289 0.9996633529663086 54 106 312 229
000303 0.9999452829360962 24 12 490 266
000303 0.9734998345375061 5 70 89 119
000303 0.7296465635299683 442 69 495 103
000303 0.6364622712135315 448 67 500 152
000303 0.6151909232139587 1 90 67 163
000318 0.9999756813049316 204 80 301 144
000318 0.9997183680534363 312 84 433 167
000343 0.9998464584350586 17 80 495 334
000373 0.7828176617622375 11 289 315 400
000373 0.7538798451423645 0 400 322 500
000373 0.5449501872062683 6 332 302 458
000396 0.9998384714126587 74 173 352 265
000420 0.9999911785125732 72 32 476 339
000461 0.9995974898338318 6 101 319 228
000494 0.9999767541885376 6 52 365 452
000509 0.9997912049293518 0 5 463 375
000543 0.9999867677688599 50 115 461 356
000543 0.9999743700027466 295 87 500 246
000653 0.9999566078186035 11 119 446 339
000653 0.9940635561943054 3 96 107 168
000653 0.8474178314208984 433 86 497 131
000653 0.6511159539222717 327 90 426 142
000776 0.9999773502349854 30 18 489 189
000787 0.999671220779419 105 95 422 275
000800 0.9864965081214905 444 178 495 207
000800 0.8321053385734558 231 161 322 208
000935 0.7949812412261963 67 206 112 244
000972 0.9995039701461792 16 123 436 306
000972 0.6380055546760559 445 234 499 331
001052 0.9997090697288513 49 96 444 278
001069 0.9971005320549011 2 116 116 181
001069 0.9770113825798035 272 73 427 136
001093 0.9999877214431763 47 57 466 374
001093 0.5406016707420349 120 36 171 65
001124 0.47673046588897705 253 180 306 213
003397 0.9999642372131348 12 164 268 315
003655 0.7275282144546509 26 76 360 500
004304 0.9999065399169922 169 117 425 302
005102 0.9983067512512207 299 175 500 266
005102 0.9011728763580322 192 180 320 230
005102 0.8620355725288391 207 162 348 213
005102 0.8007257580757141 262 178 392 232
005102 0.5011547207832336 107 163 164 223
005102 0.46982818841934204 221 194 364 243
005102 0.4374387860298157 0 164 47 218
006988 0.9998636245727539 58 62 400 300
007592 0.949235737323761 8 146 317 378
007971 0.9815564155578613 3 9 500 330
008225 0.9979384541511536 51 135 193 216
008294 0.9994705319404602 315 58 458 114
008294 0.9980477094650269 42 53 201 179
009477 0.9654608964920044 42 48 180 103
009477 0.8281362056732178 246 13 327 72
