000019 0.9999887943267822 248 93 488 256
000019 0.9990097284317017 5 119 261 262
000019 0.869580090045929 82 79 367 234
000099 0.9995850920677185 5 72 309 249
000118 0.9955957531929016 160 107 282 374
000143 0.9990562796592712 176 46 495 326
000215 0.999327540397644 143 90 339 400
000354 0.994509756565094 149 132 349 361
000403 0.9998959302902222 158 85 491 374
000486 0.9999485015869141 43 41 354 394
000705 0.999873161315918 24 16 481 215
000794 0.8484100699424744 218 209 300 274
000857 0.9996523857116699 232 22 349 129
000921 0.9971495270729065 151 66 498 302
001009 0.998971700668335 42 41 490 370
001009 0.9973247051239014 9 46 280 312
001110 0.9997517466545105 258 80 500 322
001110 0.9992683529853821 12 81 272 302
001110 0.9093053340911865 91 77 387 330
001211 0.9996461868286133 263 217 405 500
003780 0.9952722191810608 66 311 207 479
006876 0.9377278089523315 140 161 224 277
008485 0.9918923377990723 8 8 267 368
009479 0.5046741962432861 133 228 287 293
