000005 0.9937232136726379 168 267 258 375
000005 0.9887714982032776 4 243 68 372
000005 0.9370576739311218 251 211 304 318
000005 0.4536932408809662 294 214 349 354
000005 0.426038533449173 277 186 320 224
000093 0.9705093502998352 21 0 500 339
000203 0.9985793828964233 41 171 171 333
000208 0.999976396560669 332 217 492 373
000208 0.4604673981666565 53 121 134 255
000249 0.9983363747596741 74 193 173 326
000249 0.9878893494606018 169 178 294 328
000249 0.9026740789413452 309 129 368 235
000381 0.9982799291610718 6 381 118 492
000381 0.995928943157196 0 198 84 355
000381 0.9570053219795227 82 148 146 267
000459 0.9994797110557556 119 27 287 116
000460 0.9993523955345154 249 70 470 375
000492 0.9959130883216858 9 293 231 375
000492 0.9775711297988892 327 247 454 372
000492 0.8844854831695557 14 255 228 342
000492 0.8231845498085022 24 216 92 278
000564 0.999981164932251 0 152 156 333
000564 0.9980878233909607 228 168 389 326
000564 0.992751955986023 367 145 493 332
000564 0.4898291528224945 163 126 226 178
000598 0.9797645807266235 177 201 258 320
000599 0.9999727010726929 14 203 235 371
000707 0.9981145858764648 77 173 135 284
000771 0.9990328550338745 100 145 217 283
000780 0.9989461302757263 40 278 202 373
000780 0.9761605262756348 377 259 448 375
000780 0.48244309425354004 65 174 150 249
000780 0.47554919123649597 187 203 281 274
000917 0.5839083790779114 0 3 271 355
000921 0.8973906636238098 131 64 307 235
000921 0.4830930829048157 169 54 500 352
001018 0.9990630745887756 6 267 89 375
001018 0.996751070022583 144 282 249 370
001018 0.9944524168968201 97 239 183 370
001018 0.9387580752372742 342 278 457 373
001018 0.6328192949295044 429 302 492 372
001018 0.45639950037002563 201 201 239 261
001018 0.41607075929641724 121 237 225 356
001187 0.992466151714325 190 379 364 500
001187 0.5790892243385315 19 428 233 500
001211 0.9771721959114075 19 56 357 475
001531 0.997171938419342 266 134 480 372
001531 0.9490315914154053 61 116 221 369
001531 0.5041949152946472 131 112 400 363
001689 0.8017879128456116 54 239 169 369
003078 0.9854586124420166 315 185 386 319
003078 0.8247511982917786 394 176 472 309
003078 0.4633212685585022 449 188 499 312
003301 0.9866307377815247 93 199 274 327
003708 0.9988046884536743 239 157 363 468
004259 0.9997994303703308 45 229 188 373
004732 0.4779329299926758 50 163 369 500
004994 0.9961022138595581 131 174 345 354
005439 0.9986410737037659 0 195 135 370
005439 0.9944635033607483 168 36 333 238
005471 0.9984238147735596 305 11 470 174
005662 0.9920487999916077 0 311 67 406
005662 0.9000378251075745 45 270 103 355
005662 0.6047715544700623 345 269 374 446
005662 0.5274259448051453 16 297 88 385
006005 0.9788663983345032 179 339 257 456
006282 0.43892014026641846 63 215 117 328
006391 0.9918747544288635 112 144 351 398
006599 0.9938523769378662 100 5 249 211
006677 0.995732843875885 0 278 77 465
006768 0.9965559244155884 27 164 319 500
006768 0.8159123063087463 265 181 453 334
006876 0.7209216356277466 95 98 165 204
007046 0.8823421001434326 57 148 312 487
007266 0.9987626075744629 6 102 155 375
007266 0.9658177495002747 148 305 400 370
007266 0.681547999382019 67 105 303 372
007266 0.4168618321418762 48 290 379 350
007350 0.9294728636741638 183 223 259 335
007350 0.8423230051994324 85 201 174 310
007799 0.9973130822181702 252 242 336 331
007799 0.47405806183815 348 180 406 293
008122 0.655045211315155 8 201 97 333
008284 0.9979579448699951 0 127 240 371
008390 0.7684776186943054 23 108 328 467
009087 0.948194146156311 436 301 500 373
009374 0.9170800447463989 55 67 426 330
009647 0.9978925585746765 18 211 221 368
009773 0.9557375907897949 208 138 386 312
009773 0.6603756546974182 439 130 496 205
