000208 0.9969866871833801 0 130 171 262
000249 0.9958052635192871 103 178 301 323
000381 0.9979812502861023 0 164 365 482
000459 0.9808501601219177 9 90 495 330
000492 0.9879056215286255 0 245 328 372
000492 0.7609899640083313 6 193 359 319
000564 0.987481951713562 108 153 427 330
001018 0.9613389372825623 3 219 133 358
005662 0.9986756443977356 0 243 359 463
005662 0.9829436540603638 0 349 350 500
007266 0.9093242287635803 80 241 442 371
007350 0.9999487400054932 0 196 176 336
007350 0.9999481439590454 218 239 471 356
007799 0.9863807559013367 0 170 105 283
007799 0.9691986441612244 386 194 492 280
007799 0.8831720948219299 277 276 498 331
007799 0.526884913444519 243 113 371 226
007799 0.5234646797180176 361 227 497 325
007799 0.49446991086006165 18 131 160 329
008122 0.9937195777893066 7 200 110 316
008122 0.5930597186088562 0 203 57 312
