000021 0.8272256851196289 31 221 172 401
000065 0.999687671661377 16 106 395 328
000093 0.999854564666748 172 125 354 258
000120 0.9998425245285034 66 119 448 273
000246 0.9993484616279602 67 47 334 293
000266 0.9939860105514526 109 11 371 493
000336 0.9997339844703674 2 13 481 420
000501 0.9999465942382812 25 23 363 497
000582 0.9996459484100342 12 0 371 369
000656 0.9993867874145508 234 54 450 176
000746 0.9998730421066284 96 59 408 329
000756 0.9998639822006226 64 2 360 498
000772 0.9986041188240051 44 92 359 454
000882 0.9988825917243958 88 42 493 351
000947 0.9999840259552002 35 46 222 481
001053 0.9999698400497437 32 0 285 492
001056 0.9998660087585449 167 168 425 334
001056 0.9936195015907288 0 6 380 321
001104 0.9956511855125427 2 0 383 330
001192 0.9972307085990906 152 107 211 229
001192 0.9944812059402466 288 173 371 320
001203 0.9999669790267944 55 0 335 219
001211 0.999697208404541 5 10 221 283
003301 0.9302215576171875 100 194 256 310
003986 0.9976392984390259 36 56 331 332
004298 0.7586683630943298 281 163 352 287
005274 0.9956225752830505 170 233 287 343
005274 0.9950157999992371 282 117 438 361
005613 0.997333288192749 145 224 398 369
006355 0.9989331364631653 236 215 307 327
006355 0.6379081010818481 189 188 255 310
006488 0.9985713958740234 128 186 415 362
007760 0.9997597336769104 91 246 275 499
007946 0.9995241165161133 108 106 318 250
008284 0.9317123889923096 249 118 352 241
008509 0.992863118648529 339 192 422 271
008509 0.8800950050354004 220 179 277 259
008509 0.5049853324890137 16 207 64 277
009375 0.5048850178718567 95 149 171 243
