000214 0.9989681243896484 212 0 500 375
000483 0.9995606541633606 128 91 283 417
000667 0.9997848868370056 280 361 414 472
000880 0.4326683282852173 298 31 356 71
001084 0.996304988861084 114 180 215 448
003017 0.9999055862426758 142 120 454 305
003362 0.9660552144050598 165 103 286 258
004872 0.9483570456504822 236 134 309 275
005419 0.9958109855651855 90 124 234 419
005732 0.9875915050506592 350 230 454 399
005732 0.9510031938552856 45 184 188 425
005732 0.7680970430374146 230 217 340 404
006645 0.9893150329589844 136 107 291 387
006645 0.9042274951934814 90 163 240 382
006850 0.9994471669197083 0 87 309 441
007260 0.9999909400939941 56 155 365 444
008509 0.7527886629104614 93 91 167 268
008612 0.9703256487846375 128 147 290 233
008805 0.9999958276748657 50 146 347 451
008876 0.9984560012817383 55 188 490 333
008876 0.8205823302268982 69 67 482 216
009024 0.9718286395072937 172 171 280 355
009698 0.9979897737503052 144 156 404 375
009767 0.9994246959686279 101 147 259 500
