000072 0.9999488592147827 41 20 328 462
000072 0.48886793851852417 50 0 333 103
000427 0.9992489218711853 49 21 378 268
000686 0.9999188184738159 285 104 494 295
000686 0.9996237754821777 11 104 322 304
001199 0.9981728792190552 301 250 499 371
001199 0.993009090423584 78 183 396 375
001199 0.8680250644683838 193 214 463 348
003655 0.5712956786155701 12 67 354 488
004647 0.9977636337280273 79 132 305 333
005729 0.9996541738510132 1 112 419 332
005729 0.4093720614910126 111 44 341 307
005928 0.9740344882011414 1 156 134 353
005928 0.9409370422363281 408 127 500 359
005928 0.8058181405067444 213 144 323 334
005928 0.5727685689926147 381 137 447 273
006440 0.999864935874939 322 139 495 309
007712 0.9959651231765747 60 119 251 406
008294 0.9881799221038818 149 136 329 244
008817 0.9945918917655945 0 15 491 361
009180 0.9934636354446411 12 118 222 333
009312 0.9999427795410156 133 156 405 362
009382 0.9985451698303223 0 249 326 500
