000021 0.999398946762085 210 44 336 468
000021 0.9975270628929138 18 166 156 382
000021 0.9845597743988037 48 80 170 340
000483 0.9997499585151672 156 45 257 285
000752 0.9985998272895813 0 114 128 325
000752 0.9961420893669128 232 112 491 328
001069 0.4002889394760132 254 38 297 140
001084 0.9993765950202942 99 99 229 321
001362 0.6171239018440247 20 29 332 500
001531 0.9879675507545471 257 39 458 366
001531 0.9817944765090942 75 52 226 354
001686 0.9997536540031433 110 164 206 488
001689 0.9996505975723267 119 91 229 361
001689 0.9988239407539368 3 183 203 497
001725 0.9971912503242493 2 125 283 377
002302 0.9990611672401428 67 24 206 354
002382 0.9988112449645996 45 84 225 217
002444 0.9859744906425476 220 116 335 300
002444 0.9841983318328857 301 99 424 375
002444 0.8942567706108093 262 99 387 320
002916 0.9980372786521912 80 18 235 500
003017 0.9911074042320251 163 90 322 230
003078 0.9997535347938538 128 14 325 492
003078 0.8240954279899597 386 128 465 289
003301 0.9619814157485962 99 35 280 319
003362 0.9910680651664734 169 39 297 208
003397 0.997589111328125 234 187 326 317
003453 0.9177613854408264 96 87 470 304
003469 0.9993880987167358 229 0 474 303
003469 0.9949276447296143 65 27 210 345
003566 0.9953157901763916 115 129 219 340
003648 0.9989610910415649 173 64 329 309
003655 0.9995930790901184 113 49 283 471
003708 0.9991883635520935 7 80 354 500
003780 0.9998983144760132 1 94 114 355
003780 0.9804871678352356 89 197 205 382
003877 0.9001349806785583 184 186 290 353
003877 0.4101651608943939 158 49 187 100
003966 0.9906927943229675 132 14 237 268
003986 0.9931133389472961 130 29 470 318
004010 0.9943981766700745 110 5 418 400
004060 0.9909900426864624 261 115 382 270
004060 0.9296387434005737 112 83 295 365
004110 0.9700380563735962 191 104 298 375
004142 0.9991798996925354 133 21 478 368
004142 0.9963493347167969 75 50 250 332
004259 0.7816953659057617 165 177 241 285
004265 0.9943915009498596 256 128 403 278
004298 0.999610960483551 171 101 355 359
004304 0.9781833291053772 51 6 170 346
004397 0.9958397150039673 0 9 361 455
004499 0.9988840222358704 198 252 500 369
004499 0.9962629675865173 190 30 492 333
004499 0.7631837725639343 123 198 500 332
004647 0.9990333318710327 271 57 375 311
004647 0.9371117949485779 112 53 208 239
004732 0.9060210585594177 79 161 365 499
004770 0.9993191957473755 68 0 335 496
004831 0.9996789693832397 128 23 373 324
004872 0.9971867203712463 238 92 306 210
004954 0.9733651876449585 79 33 378 465
004994 0.9766492247581482 177 158 374 349
005063 0.998874843120575 33 333 94 486
005102 0.957266628742218 0 180 54 271
005146 0.9880757331848145 390 22 487 260
005146 0.9843292236328125 8 66 93 267
005146 0.933341383934021 125 75 224 263
005146 0.9311620593070984 225 48 312 280
005146 0.7281985282897949 286 50 364 277
005146 0.5583140254020691 184 69 276 268
005274 0.9580113291740417 81 56 325 350
005346 0.9863584637641907 80 76 392 330
005384 0.998481810092926 315 152 466 375
005419 0.9993559718132019 87 76 241 272
005471 0.9973440766334534 26 32 306 322
005471 0.9873930811882019 284 35 499 296
005573 0.9984014630317688 109 69 322 375
005613 0.9974238872528076 52 1 293 276
005657 0.9995318651199341 18 3 468 327
005662 0.9941648840904236 120 136 227 306
005682 0.9987647533416748 100 5 429 375
005729 0.9977529644966125 132 25 301 291
005732 0.9400622844696045 55 123 183 358
005732 0.8553786873817444 346 162 452 377
005732 0.738394558429718 229 172 345 389
005788 0.9968286156654358 139 36 336 256
005788 0.4341995120048523 75 20 410 343
005852 0.9997075200080872 129 197 324 473
005928 0.6927310228347778 212 77 316 283
005928 0.5407135486602783 279 80 329 211
005985 0.9946491122245789 60 72 242 416
006005 0.9866231083869934 53 82 179 193
006005 0.9825399518013 182 71 290 195
006148 0.991213858127594 88 95 282 435
006163 0.9998691082000732 79 79 305 496
006209 0.999629020690918 147 169 344 375
006240 0.9993594288825989 0 0 351 467
006282 0.9992707371711731 120 97 312 334
006351 0.9993228912353516 67 42 382 367
006355 0.9848789572715759 179 27 283 229
006391 0.937686562538147 30 126 341 476
006440 0.6298432946205139 261 129 310 272
006488 0.998772919178009 240 50 498 354
006583 0.9959302544593811 94 78 343 319
006587 0.8995550274848938 215 31 291 193
006599 0.9833336472511292 204 0 500 375
006599 0.9787609577178955 40 6 157 249
006599 0.45173180103302 79 10 217 229
006621 0.9947308301925659 160 174 274 354
006645 0.999776303768158 45 172 183 388
006677 0.9920457601547241 58 244 352 496
006739 0.9994649291038513 102 0 415 375
006768 0.9978159666061401 101 74 367 318
006786 0.9895836114883423 69 11 301 356
006786 0.9724507331848145 299 22 443 316
006808 0.998873770236969 37 4 266 365
006850 0.9997442364692688 53 43 213 333
006876 0.7676546573638916 208 11 395 317
006981 0.9452885985374451 182 85 251 262
006981 0.5713333487510681 231 178 258 252
006990 0.981968104839325 318 130 382 293
007020 0.9905681014060974 57 186 131 447
007031 0.9996504783630371 266 130 372 474
007031 0.9995372295379639 8 82 152 462
007046 0.9327747821807861 68 142 303 492
007049 0.9995450377464294 5 12 114 368
007049 0.5850388407707214 24 17 217 355
007114 0.9986849427223206 50 132 249 333
007114 0.7682854533195496 134 25 406 325
007140 0.6928052306175232 74 147 318 490
007187 0.999093770980835 2 133 230 232
007187 0.966835618019104 275 124 467 228
007187 0.9035440683364868 20 143 323 290
007187 0.8124729990959167 202 125 439 297
007187 0.689600944519043 110 118 256 221
007187 0.46209707856178284 167 113 341 329
007187 0.4281218647956848 241 115 381 229
007227 0.9023099541664124 7 29 271 491
007260 0.9939392805099487 145 60 271 290
007266 0.9999017715454102 107 92 329 325
007266 0.9989579916000366 322 95 494 321
007318 0.8186544179916382 22 29 46 95
007330 0.9995850920677185 135 9 488 325
007350 0.9807886481285095 158 81 252 326
007350 0.4126111567020416 221 93 313 293
007438 0.9999239444732666 75 31 264 471
007543 0.8963413834571838 320 106 394 273
007543 0.5402082204818726 207 100 285 295
007559 0.9998502731323242 50 60 195 456
007592 0.9998729228973389 93 205 200 446
007592 0.9939236044883728 189 218 296 455
007618 0.9997684359550476 27 124 212 500
007639 0.9927265644073486 124 289 236 431
007712 0.977809488773346 59 45 251 354
007760 0.9969280362129211 16 0 314 475
007763 0.9992631077766418 50 180 177 371
007763 0.998982846736908 382 75 499 373
007763 0.9971492886543274 271 58 391 280
007763 0.9968212842941284 136 97 206 240
007763 0.9912388920783997 205 224 409 375
007763 0.988495945930481 168 71 278 265
007763 0.9611487984657288 110 196 243 375
007763 0.6606735587120056 146 210 322 369
007763 0.5092301964759827 152 140 274 343
007763 0.4173855185508728 209 80 348 285
007799 0.9646933674812317 46 107 155 320
007946 0.986781895160675 238 65 423 255
007971 0.9947559833526611 176 90 320 264
008033 0.7518784403800964 222 61 302 221
008103 0.9890643954277039 206 66 323 354
008122 0.9999728202819824 47 31 242 320
008122 0.999873161315918 276 73 395 215
008175 0.987680196762085 12 36 258 358
008175 0.9362148642539978 175 11 432 370
008225 0.9710320234298706 109 208 194 335
008225 0.5316717624664307 240 133 276 226
008284 0.9198514223098755 8 0 283 371
008368 0.986069917678833 172 54 441 328
008390 0.9651350378990173 68 218 291 466
008433 0.9976440072059631 163 31 285 214
008433 0.9923417568206787 121 9 232 192
008433 0.9735311269760132 269 106 421 294
008433 0.5748797655105591 274 163 390 340
008485 0.9884201288223267 15 0 474 375
008509 0.9982483386993408 81 11 175 176
008573 0.9645503759384155 162 182 319 318
008612 0.9700174331665039 175 130 227 229
008647 0.996359646320343 11 13 462 362
008701 0.9634939432144165 10 12 462 359
008701 0.9429152607917786 144 130 260 308
008805 0.9956969022750854 156 109 275 282
008817 0.9994003772735596 266 5 409 367
008876 0.6834753155708313 221 93 294 281
008884 0.9702714681625366 147 168 203 373
008884 0.9620544910430908 202 181 251 361
008921 0.99979168176651 114 4 347 393
008921 0.43217921257019043 24 180 66 232
008953 0.9988386034965515 4 52 192 330
009024 0.9791186451911926 185 142 274 313
009087 0.9986226558685303 122 123 241 373
009087 0.9450451135635376 230 114 344 367
009180 0.9995747208595276 227 25 340 278
009180 0.9931530952453613 10 27 223 318
009180 0.5649288296699524 347 100 448 257
009312 0.9863085150718689 89 75 195 335
009374 0.8785291314125061 53 76 344 330
009375 0.9987837672233582 136 84 244 378
009382 0.9990671277046204 13 0 149 359
009382 0.9792661070823669 46 66 316 479
009477 0.9990277290344238 110 65 219 229
009479 0.9999592304229736 2 293 104 498
009567 0.9331241846084595 80 72 324 375
009568 0.9979263544082642 185 60 291 247
009603 0.9808289408683777 325 88 471 375
009647 0.998393714427948 178 99 376 246
009647 0.9400987029075623 86 133 327 318
009647 0.7473119497299194 24 153 252 369
009698 0.9988687634468079 282 0 469 372
009698 0.9715262055397034 46 51 174 362
009698 0.8297066688537598 151 52 255 286
009738 0.9999722242355347 189 262 303 474
009767 0.9899957180023193 91 57 241 347
009773 0.9193227887153625 199 82 293 260
009902 0.9995853304862976 359 107 496 307
009902 0.9962092638015747 9 118 222 362
009902 0.992639422416687 228 55 365 219
