000052 0.8371533155441284 49 244 99 276
000052 0.8290923237800598 289 238 331 275
000052 0.7595749497413635 409 232 454 270
000052 0.7312207221984863 186 240 230 278
000052 0.5248855948448181 184 100 231 134
000601 0.99991774559021 261 10 486 171
000601 0.9953279495239258 6 72 422 335
000601 0.9637494087219238 156 32 420 199
000780 0.9342736601829529 190 210 286 286
000917 0.7641420960426331 2 0 273 360
000923 0.9999558925628662 314 6 500 137
000923 0.5974170565605164 19 70 65 191
001142 0.9979099631309509 0 134 165 370
003301 0.983060896396637 3 124 107 304
003877 0.9992514252662659 30 185 233 338
003877 0.9810822010040283 272 223 363 321
005346 0.9810882806777954 415 44 500 247
005682 0.996070384979248 0 2 157 169
005682 0.6571345329284668 134 1 267 143
005985 0.9996623992919922 237 0 352 256
006351 0.9704024195671082 354 123 461 221
006351 0.9646468758583069 6 108 133 225
006981 0.519436240196228 269 198 333 285
009087 0.99941086769104 4 278 113 372
009087 0.6572141647338867 20 168 91 227
009647 0.9147133231163025 238 14 359 192
