000093 0.420710027217865 58 0 500 325
000102 0.9997506737709045 106 145 352 283
000102 0.9925979375839233 415 172 495 315
000156 0.9989311099052429 30 82 382 342
000208 0.9981605410575867 195 154 451 311
000208 0.5731422305107117 310 191 487 359
000266 0.7020679116249084 25 0 375 496
000599 0.9993321299552917 154 165 409 299
000660 0.994468092918396 173 69 500 315
000660 0.986764669418335 0 64 137 241
000752 0.9847503900527954 18 114 483 332
000771 0.9992721676826477 261 182 373 394
000868 0.9989203214645386 19 211 401 373
000868 0.9400609135627747 12 120 393 295
000921 0.5046175122261047 175 35 500 335
000923 0.9716551899909973 130 195 471 375
001018 0.9996300935745239 220 210 500 364
001187 0.9747301936149597 90 295 363 417
001187 0.4504935145378113 124 328 366 495
001362 0.6913196444511414 4 25 333 489
002382 0.9868039488792419 158 33 360 212
002382 0.9251337051391602 20 75 341 240
002916 0.7488715052604675 207 259 302 351
003453 0.9763992428779602 48 74 500 353
003648 0.999422550201416 65 80 486 358
003877 0.9842987060546875 58 83 488 327
003986 0.8695061802864075 32 40 469 351
004010 0.996285080909729 6 148 500 418
004010 0.4675513803958893 23 0 477 300
004060 0.9737429022789001 0 175 157 375
004060 0.7128333449363708 81 130 255 368
004142 0.9920212626457214 0 127 131 352
004259 0.9854141473770142 137 170 362 294
004298 0.9976957440376282 0 157 416 375
004298 0.9643365144729614 0 44 424 286
004499 0.772208034992218 46 52 500 375
005346 0.9327347874641418 26 85 438 328
005346 0.413268119096756 0 8 459 240
005439 0.987699031829834 402 47 500 222
005573 0.971044659614563 38 62 374 359
005788 0.9460917115211487 0 18 448 339
006621 0.9999057054519653 142 3 431 123
006677 0.9987019300460815 125 323 413 500
006677 0.9849307537078857 147 204 400 422
007114 0.9671952128410339 7 97 470 333
007187 0.9184694886207581 31 117 445 304
007227 0.9117721915245056 2 110 283 500
007639 0.9992628693580627 0 182 372 500
007799 0.9926137924194336 100 78 404 245
007799 0.9071909785270691 3 118 164 325
007799 0.5297876596450806 29 99 277 318
008103 0.9976798892021179 3 132 500 369
008103 0.947763979434967 0 28 481 279
008175 0.8916109204292297 71 11 453 361
008368 0.9847788214683533 18 88 474 321
008573 0.9967261552810669 67 194 335 413
008701 0.916048526763916 0 53 492 359
009479 0.9927190542221069 2 268 353 490
009479 0.7173155546188354 0 123 362 354
009567 0.9342875480651855 32 54 367 370
