000024 0.9806526899337769 206 150 477 220
000024 0.8509261012077332 191 181 489 258
000095 0.9999918937683105 26 51 437 288
000095 0.9981563687324524 0 122 114 232
000270 0.994289755821228 156 133 448 192
000439 0.8532696962356567 0 168 323 211
000540 0.99856036901474 134 95 313 292
000675 0.9999159574508667 70 86 428 268
000675 0.6700348258018494 5 93 85 265
000712 0.9993231296539307 5 109 375 278
000791 0.9999891519546509 81 50 468 292
000831 0.9997970461845398 82 123 236 375
000946 0.9995971322059631 20 111 391 287
000946 0.985113263130188 374 151 500 223
001083 0.9904813170433044 158 59 321 192
001161 0.9986335635185242 66 0 495 364
001200 0.9999040365219116 8 0 480 317
005384 0.9985270500183105 13 2 475 375
008033 0.9982958436012268 12 2 453 291
