000224 0.999953031539917 17 158 225 342
000304 0.9977664947509766 69 79 237 227
000598 0.9971541166305542 289 238 429 344
000707 0.9872254729270935 299 297 367 491
000923 0.9970667958259583 404 164 479 257
000923 0.8771732449531555 105 129 176 199
001062 0.9996846914291382 119 28 336 277
001166 0.7405984401702881 330 105 374 148
001725 0.9985333681106567 265 12 374 222
001725 0.9968873858451843 252 403 366 491
001725 0.8908411860466003 316 218 371 423
003780 0.9992030262947083 285 213 363 347
003780 0.6318325996398926 97 168 187 237
005852 0.9661619067192078 229 197 321 269
005852 0.757522463798523 235 226 326 300
006209 0.9715969562530518 352 187 441 271
006583 0.984002411365509 251 68 378 201
007559 0.9998630285263062 299 114 375 209
