8 0.426038533449173 277 186 320 224
6 0.9997270703315735 131 51 500 319
1 0.9985287189483643 107 63 294 471
7 0.9999887943267822 248 93 488 256
7 0.9990097284317017 5 119 261 262
7 0.869580090045929 82 79 367 234
6 0.9984973669052124 29 154 355 440
14 0.999398946762085 210 44 336 468
14 0.9975270628929138 18 166 156 382
14 0.9845597743988037 48 80 170 340
11 0.8272256851196289 31 221 172 401
18 0.9806526899337769 206 150 477 220
18 0.8509261012077332 191 181 489 258
2 0.9996700286865234 215 231 315 354
15 0.8371533155441284 49 244 99 276
15 0.8290923237800598 289 238 331 275
15 0.7595749497413635 409 232 454 270
15 0.7312207221984863 186 240 230 278
15 0.5248855948448181 184 100 231 134
6 0.9995526671409607 4 118 431 318
6 0.9965325593948364 21 16 473 161
6 0.9841229319572449 151 0 477 106
6 0.9739607572555542 11 71 485 240
11 0.999687671661377 16 106 395 328
13 0.9999488592147827 41 20 328 462
13 0.48886793851852417 50 0 333 103
11 0.999854564666748 172 125 354 258
8 0.9705093502998352 21 0 500 339
17 0.420710027217865 58 0 500 325
18 0.9999918937683105 26 51 437 288
18 0.9981563687324524 0 122 114 232
7 0.9995850920677185 5 72 309 249
17 0.9997506737709045 106 145 352 283
17 0.9925979375839233 415 172 495 315
9 0.7421309351921082 296 149 328 178
16 0.48862776160240173 468 173 500 230
2 0.9998087286949158 6 0 487 244
0 0.9999711513519287 4 40 499 285
7 0.9955957531929016 160 107 282 374
11 0.9998425245285034 66 119 448 273
3 0.9986942410469055 0 18 500 259
5 0.9994783997535706 50 65 296 348
6 0.9998962879180908 30 74 472 262
7 0.9990562796592712 176 46 495 326
17 0.9989311099052429 30 82 382 342
6 0.8181756734848022 430 105 492 142
2 0.9854077696800232 193 91 268 207
6 0.9998705387115479 24 107 494 357
3 0.9954202771186829 2 0 312 375
8 0.9985793828964233 41 171 171 333
8 0.999976396560669 332 217 492 373
17 0.9981605410575867 195 154 451 311
10 0.9969866871833801 0 130 171 262
17 0.5731422305107117 310 191 487 359
8 0.4604673981666565 53 121 134 255
9 0.9971529245376587 63 264 242 350
12 0.9989681243896484 212 0 500 375
7 0.999327540397644 143 90 339 400
6 0.9988077878952026 67 80 435 256
19 0.999953031539917 17 158 225 342
4 0.9960629343986511 392 251 492 373
16 0.9989198446273804 291 103 490 272
6 0.9899961948394775 7 0 464 179
6 0.42160171270370483 0 93 500 270
2 0.9999943971633911 85 168 269 310
11 0.9993484616279602 67 47 334 293
8 0.9983363747596741 74 193 173 326
10 0.9958052635192871 103 178 301 323
8 0.9878893494606018 169 178 294 328
8 0.9026740789413452 309 129 368 235
11 0.9939860105514526 109 11 371 493
17 0.7020679116249084 25 0 375 496
0 0.9988019466400146 172 107 444 276
0 0.9398614168167114 23 69 281 329
18 0.994289755821228 156 133 448 192
6 0.9996633529663086 54 106 312 229
6 0.9999452829360962 24 12 490 266
6 0.9734998345375061 5 70 89 119
6 0.7296465635299683 442 69 495 103
6 0.6364622712135315 448 67 500 152
6 0.6151909232139587 1 90 67 163
19 0.9977664947509766 69 79 237 227
6 0.9999756813049316 204 80 301 144
6 0.9997183680534363 312 84 433 167
11 0.9997339844703674 2 13 481 420
2 0.9991495609283447 335 130 443 361
2 0.8580775260925293 78 55 179 271
6 0.9998464584350586 17 80 495 334
7 0.994509756565094 149 132 349 361
6 0.7828176617622375 11 289 315 400
6 0.7538798451423645 0 400 322 500
6 0.5449501872062683 6 332 302 458
1 0.9991135001182556 8 2 498 327
8 0.9982799291610718 6 381 118 492
10 0.9979812502861023 0 164 365 482
8 0.995928943157196 0 198 84 355
8 0.9570053219795227 82 148 146 267
6 0.9998384714126587 74 173 352 265
7 0.9998959302902222 158 85 491 374
9 0.9996412992477417 53 116 340 492
9 0.9965569972991943 166 91 366 375
6 0.9999911785125732 72 32 476 339
2 0.9620471000671387 187 198 284 255
2 0.8940561413764954 417 174 490 223
2 0.8224869966506958 66 165 137 224
2 0.47283321619033813 327 215 393 247
13 0.9992489218711853 49 21 378 268
18 0.8532696962356567 0 168 323 211
8 0.9994797110557556 119 27 287 116
10 0.9808501601219177 9 90 495 330
8 0.9993523955345154 249 70 470 375
6 0.9995974898338318 6 101 319 228
9 0.9999310970306396 1 3 465 375
14 0.9997499585151672 156 45 257 285
12 0.9995606541633606 128 91 283 417
7 0.9999485015869141 43 41 354 394
8 0.9959130883216858 9 293 231 375
10 0.9879056215286255 0 245 328 372
8 0.9775711297988892 327 247 454 372
8 0.8844854831695557 14 255 228 342
8 0.8231845498085022 24 216 92 278
10 0.7609899640083313 6 193 359 319
6 0.9999767541885376 6 52 365 452
11 0.9999465942382812 25 23 363 497
6 0.9997912049293518 0 5 463 375
3 0.990584135055542 161 116 290 174
3 0.9893386960029602 160 140 288 197
0 0.9999516010284424 52 5 499 349
18 0.99856036901474 134 95 313 292
6 0.9999867677688599 50 115 461 356
6 0.9999743700027466 295 87 500 246
3 0.7546905875205994 158 160 385 207
8 0.999981164932251 0 152 156 333
8 0.9980878233909607 228 168 389 326
8 0.992751955986023 367 145 493 332
10 0.987481951713562 108 153 427 330
8 0.4898291528224945 163 126 226 178
16 0.999674916267395 140 182 275 295
11 0.9996459484100342 12 0 371 369
16 0.9329647421836853 264 293 318 333
16 0.7027480006217957 246 269 288 301
16 0.6187755465507507 147 274 184 308
16 0.5596202611923218 308 263 333 299
16 0.5496894121170044 140 268 175 296
19 0.9971541166305542 289 238 429 344
8 0.9797645807266235 177 201 258 320
8 0.9999727010726929 14 203 235 371
17 0.9993321299552917 154 165 409 299
15 0.99991774559021 261 10 486 171
15 0.9953279495239258 6 72 422 335
15 0.9637494087219238 156 32 420 199
3 0.9988712668418884 20 116 393 289
3 0.7883939146995544 135 25 218 146
0 0.9999347925186157 49 82 485 295
2 0.999076247215271 153 19 460 314
1 0.9999417066574097 11 5 483 373
0 0.9992488026618958 141 66 443 237
6 0.9999566078186035 11 119 446 339
6 0.9940635561943054 3 96 107 168
6 0.8474178314208984 433 86 497 131
6 0.6511159539222717 327 90 426 142
11 0.9993867874145508 234 54 450 176
17 0.994468092918396 173 69 500 315
17 0.986764669418335 0 64 137 241
12 0.9997848868370056 280 361 414 472
18 0.9999159574508667 70 86 428 268
18 0.6700348258018494 5 93 85 265
2 0.9962917566299438 279 154 458 271
13 0.9999188184738159 285 104 494 295
13 0.9996237754821777 11 104 322 304
7 0.999873161315918 24 16 481 215
8 0.9981145858764648 77 173 135 284
19 0.9872254729270935 299 297 367 491
18 0.9993231296539307 5 109 375 278
2 0.9992167949676514 195 62 438 294
9 0.9998024106025696 95 50 500 331
0 0.9999678134918213 7 35 498 223
11 0.9998730421066284 96 59 408 329
5 0.9979307651519775 37 95 445 244
14 0.9985998272895813 0 114 128 325
14 0.9961420893669128 232 112 491 328
17 0.9847503900527954 18 114 483 332
11 0.9998639822006226 64 2 360 498
0 0.9987962245941162 0 109 500 204
17 0.9992721676826477 261 182 373 394
8 0.9990328550338745 100 145 217 283
11 0.9986041188240051 44 92 359 454
6 0.9999773502349854 30 18 489 189
8 0.9989461302757263 40 278 202 373
8 0.9761605262756348 377 259 448 375
15 0.9342736601829529 190 210 286 286
8 0.48244309425354004 65 174 150 249
8 0.47554919123649597 187 203 281 274
6 0.999671220779419 105 95 422 275
18 0.9999891519546509 81 50 468 292
7 0.8484100699424744 218 209 300 274
6 0.9864965081214905 444 178 495 207
6 0.8321053385734558 231 161 322 208
9 0.999967098236084 81 0 424 331
0 0.9970173835754395 2 92 317 216
0 0.9637624025344849 294 147 486 227
3 0.9994094371795654 10 29 418 437
18 0.9997970461845398 82 123 236 375
2 0.9999185800552368 82 44 330 482
7 0.9996523857116699 232 22 349 129
17 0.9989203214645386 19 211 401 373
17 0.9400609135627747 12 120 393 295
0 0.9986518025398254 0 2 401 290
0 0.8839800953865051 363 156 468 225
9 0.4918905794620514 376 118 436 213
12 0.4326683282852173 298 31 356 71
11 0.9988825917243958 88 42 493 351
0 0.9997676014900208 1 188 259 288
15 0.7641420960426331 2 0 273 360
8 0.5839083790779114 0 3 271 355
7 0.9971495270729065 151 66 498 302
8 0.8973906636238098 131 64 307 235
17 0.5046175122261047 175 35 500 335
8 0.4830930829048157 169 54 500 352
15 0.9999558925628662 314 6 500 137
19 0.9970667958259583 404 164 479 257
17 0.9716551899909973 130 195 471 375
19 0.8771732449531555 105 129 176 199
15 0.5974170565605164 19 70 65 191
3 0.5976492762565613 91 293 219 328
0 0.9999874830245972 26 41 500 283
6 0.7949812412261963 67 206 112 244
18 0.9995971322059631 20 111 391 287
18 0.985113263130188 374 151 500 223
11 0.9999840259552002 35 46 222 481
6 0.9995039701461792 16 123 436 306
6 0.6380055546760559 445 234 499 331
1 0.999908447265625 38 59 487 334
2 0.42492541670799255 138 160 240 210
7 0.998971700668335 42 41 490 370
7 0.9973247051239014 9 46 280 312
0 0.9983372688293457 230 116 308 210
17 0.9996300935745239 220 210 500 364
8 0.9990630745887756 6 267 89 375
8 0.996751070022583 144 282 249 370
8 0.9944524168968201 97 239 183 370
10 0.9613389372825623 3 219 133 358
8 0.9387580752372742 342 278 457 373
8 0.6328192949295044 429 302 492 372
8 0.45639950037002563 201 201 239 261
8 0.41607075929641724 121 237 225 356
2 0.9942072629928589 142 139 287 278
4 0.9981733560562134 206 0 330 271
6 0.9997090697288513 49 96 444 278
11 0.9999698400497437 32 0 285 492
11 0.9998660087585449 167 168 425 334
11 0.9936195015907288 0 6 380 321
19 0.9996846914291382 119 28 336 277
6 0.9971005320549011 2 116 116 181
6 0.9770113825798035 272 73 427 136
14 0.4002889394760132 254 38 297 140
2 0.9998499155044556 68 57 414 214
18 0.9904813170433044 158 59 321 192
14 0.9993765950202942 99 99 229 321
12 0.996304988861084 114 180 215 448
6 0.9999877214431763 47 57 466 374
6 0.5406016707420349 120 36 171 65
0 0.9992480874061584 6 0 296 152
0 0.9956197142601013 4 70 500 321
0 0.9956003427505493 344 50 499 132
11 0.9956511855125427 2 0 383 330
0 0.9999455213546753 8 88 483 215
7 0.9997517466545105 258 80 500 322
7 0.9992683529853821 12 81 272 302
7 0.9093053340911865 91 77 387 330
3 0.9995606541633606 64 17 295 495
5 0.9692180156707764 187 138 257 219
6 0.47673046588897705 253 180 306 213
3 0.9926566481590271 41 158 486 374
2 0.9841148853302002 294 72 424 146
2 0.4777359664440155 297 35 422 103
15 0.9979099631309509 0 134 165 370
9 0.9999381303787231 10 55 364 479
0 0.9999889135360718 19 54 500 289
0 0.9296809434890747 219 98 273 140
18 0.9986335635185242 66 0 495 364
19 0.7405984401702881 330 105 374 148
3 0.9979300498962402 268 96 447 342
3 0.763695240020752 199 295 252 318
3 0.48228245973587036 464 256 491 308
3 0.44525599479675293 143 265 178 316
1 0.9995724558830261 83 283 205 357
8 0.992466151714325 190 379 364 500
17 0.9747301936149597 90 295 363 417
8 0.5790892243385315 19 428 233 500
17 0.4504935145378113 124 328 366 495
11 0.9972307085990906 152 107 211 229
11 0.9944812059402466 288 173 371 320
13 0.9981728792190552 301 250 499 371
13 0.993009090423584 78 183 396 375
13 0.8680250644683838 193 214 463 348
18 0.9999040365219116 8 0 480 317
11 0.9999669790267944 55 0 335 219
11 0.999697208404541 5 10 221 283
7 0.9996461868286133 263 217 405 500
8 0.9771721959114075 19 56 357 475
1 0.9999380111694336 33 75 476 310
17 0.6913196444511414 4 25 333 489
14 0.6171239018440247 20 29 332 500
8 0.997171938419342 266 134 480 372
14 0.9879675507545471 257 39 458 366
14 0.9817944765090942 75 52 226 354
8 0.9490315914154053 61 116 221 369
8 0.5041949152946472 131 112 400 363
14 0.9997536540031433 110 164 206 488
14 0.9996505975723267 119 91 229 361
14 0.9988239407539368 3 183 203 497
8 0.8017879128456116 54 239 169 369
19 0.9985333681106567 265 12 374 222
14 0.9971912503242493 2 125 283 377
19 0.9968873858451843 252 403 366 491
19 0.8908411860466003 316 218 371 423
3 0.9999195337295532 131 65 484 326
14 0.9990611672401428 67 24 206 354
14 0.9988112449645996 45 84 225 217
17 0.9868039488792419 158 33 360 212
17 0.9251337051391602 20 75 341 240
14 0.9859744906425476 220 116 335 300
14 0.9841983318328857 301 99 424 375
4 0.9325783252716064 123 267 169 369
14 0.8942567706108093 262 99 387 320
14 0.9980372786521912 80 18 235 500
17 0.7488715052604675 207 259 302 351
12 0.9999055862426758 142 120 454 305
14 0.9911074042320251 163 90 322 230
14 0.9997535347938538 128 14 325 492
8 0.9854586124420166 315 185 386 319
8 0.8247511982917786 394 176 472 309
14 0.8240954279899597 386 128 465 289
8 0.4633212685585022 449 188 499 312
8 0.9866307377815247 93 199 274 327
15 0.983060896396637 3 124 107 304
14 0.9619814157485962 99 35 280 319
11 0.9302215576171875 100 194 256 310
14 0.9910680651664734 169 39 297 208
12 0.9660552144050598 165 103 286 258
6 0.9999642372131348 12 164 268 315
14 0.997589111328125 234 187 326 317
17 0.9763992428779602 48 74 500 353
14 0.9177613854408264 96 87 470 304
14 0.9993880987167358 229 0 474 303
1 0.9982351064682007 148 152 360 366
14 0.9949276447296143 65 27 210 345
14 0.9953157901763916 115 129 219 340
17 0.999422550201416 65 80 486 358
14 0.9989610910415649 173 64 329 309
14 0.9995930790901184 113 49 283 471
6 0.7275282144546509 26 76 360 500
13 0.5712956786155701 12 67 354 488
14 0.9991883635520935 7 80 354 500
8 0.9988046884536743 239 157 363 468
14 0.9998983144760132 1 94 114 355
19 0.9992030262947083 285 213 363 347
7 0.9952722191810608 66 311 207 479
14 0.9804871678352356 89 197 205 382
19 0.6318325996398926 97 168 187 237
15 0.9992514252662659 30 185 233 338
17 0.9842987060546875 58 83 488 327
15 0.9810822010040283 272 223 363 321
14 0.9001349806785583 184 186 290 353
14 0.4101651608943939 158 49 187 100
14 0.9906927943229675 132 14 237 268
5 0.7599533796310425 5 35 320 121
11 0.9976392984390259 36 56 331 332
14 0.9931133389472961 130 29 470 318
17 0.8695061802864075 32 40 469 351
17 0.996285080909729 6 148 500 418
14 0.9943981766700745 110 5 418 400
17 0.4675513803958893 23 0 477 300
14 0.9909900426864624 261 115 382 270
17 0.9737429022789001 0 175 157 375
14 0.9296387434005737 112 83 295 365
17 0.7128333449363708 81 130 255 368
14 0.9700380563735962 191 104 298 375
14 0.9991798996925354 133 21 478 368
14 0.9963493347167969 75 50 250 332
17 0.9920212626457214 0 127 131 352
8 0.9997994303703308 45 229 188 373
17 0.9854141473770142 137 170 362 294
14 0.7816953659057617 165 177 241 285
14 0.9943915009498596 256 128 403 278
14 0.999610960483551 171 101 355 359
17 0.9976957440376282 0 157 416 375
17 0.9643365144729614 0 44 424 286
11 0.7586683630943298 281 163 352 287
6 0.9999065399169922 169 117 425 302
14 0.9781833291053772 51 6 170 346
14 0.9958397150039673 0 9 361 455
14 0.9988840222358704 198 252 500 369
14 0.9962629675865173 190 30 492 333
17 0.772208034992218 46 52 500 375
14 0.7631837725639343 123 198 500 332
14 0.9990333318710327 271 57 375 311
13 0.9977636337280273 79 132 305 333
14 0.9371117949485779 112 53 208 239
14 0.9060210585594177 79 161 365 499
8 0.4779329299926758 50 163 369 500
14 0.9993191957473755 68 0 335 496
14 0.9996789693832397 128 23 373 324
14 0.9971867203712463 238 92 306 210
12 0.9483570456504822 236 134 309 275
14 0.9733651876449585 79 33 378 465
16 0.8641011714935303 33 106 389 462
8 0.9961022138595581 131 174 345 354
14 0.9766492247581482 177 158 374 349
14 0.998874843120575 33 333 94 486
9 0.9960441589355469 113 362 199 471
6 0.9983067512512207 299 175 500 266
14 0.957266628742218 0 180 54 271
6 0.9011728763580322 192 180 320 230
6 0.8620355725288391 207 162 348 213
6 0.8007257580757141 262 178 392 232
6 0.5011547207832336 107 163 164 223
6 0.46982818841934204 221 194 364 243
6 0.4374387860298157 0 164 47 218
14 0.9880757331848145 390 22 487 260
14 0.9843292236328125 8 66 93 267
14 0.933341383934021 125 75 224 263
1 0.9322118163108826 394 102 489 286
14 0.9311620593070984 225 48 312 280
1 0.8701120018959045 122 115 228 284
1 0.7702928781509399 169 126 270 277
1 0.7282262444496155 14 147 82 279
14 0.7281985282897949 286 50 364 277
14 0.5583140254020691 184 69 276 268
11 0.9956225752830505 170 233 287 343
11 0.9950157999992371 282 117 438 361
14 0.9580113291740417 81 56 325 350
14 0.9863584637641907 80 76 392 330
15 0.9810882806777954 415 44 500 247
17 0.9327347874641418 26 85 438 328
17 0.413268119096756 0 8 459 240
18 0.9985270500183105 13 2 475 375
14 0.998481810092926 315 152 466 375
14 0.9993559718132019 87 76 241 272
12 0.9958109855651855 90 124 234 419
8 0.9986410737037659 0 195 135 370
8 0.9944635033607483 168 36 333 238
17 0.987699031829834 402 47 500 222
8 0.9984238147735596 305 11 470 174
14 0.9973440766334534 26 32 306 322
14 0.9873930811882019 284 35 499 296
14 0.9984014630317688 109 69 322 375
17 0.971044659614563 38 62 374 359
14 0.9974238872528076 52 1 293 276
11 0.997333288192749 145 224 398 369
14 0.9995318651199341 18 3 468 327
10 0.9986756443977356 0 243 359 463
14 0.9941648840904236 120 136 227 306
8 0.9920487999916077 0 311 67 406
10 0.9829436540603638 0 349 350 500
8 0.9000378251075745 45 270 103 355
8 0.6047715544700623 345 269 374 446
8 0.5274259448051453 16 297 88 385
14 0.9987647533416748 100 5 429 375
15 0.996070384979248 0 2 157 169
15 0.6571345329284668 134 1 267 143
13 0.9996541738510132 1 112 419 332
14 0.9977529644966125 132 25 301 291
13 0.4093720614910126 111 44 341 307
12 0.9875915050506592 350 230 454 399
12 0.9510031938552856 45 184 188 425
14 0.9400622844696045 55 123 183 358
14 0.8553786873817444 346 162 452 377
12 0.7680970430374146 230 217 340 404
14 0.738394558429718 229 172 345 389
14 0.9968286156654358 139 36 336 256
17 0.9460917115211487 0 18 448 339
14 0.4341995120048523 75 20 410 343
14 0.9997075200080872 129 197 324 473
19 0.9661619067192078 229 197 321 269
19 0.757522463798523 235 226 326 300
13 0.9740344882011414 1 156 134 353
13 0.9409370422363281 408 127 500 359
13 0.8058181405067444 213 144 323 334
14 0.6927310228347778 212 77 316 283
13 0.5727685689926147 381 137 447 273
14 0.5407135486602783 279 80 329 211
15 0.9996623992919922 237 0 352 256
14 0.9946491122245789 60 72 242 416
14 0.9866231083869934 53 82 179 193
14 0.9825399518013 182 71 290 195
8 0.9788663983345032 179 339 257 456
14 0.991213858127594 88 95 282 435
9 0.9464387893676758 101 240 213 419
14 0.9998691082000732 79 79 305 496
14 0.999629020690918 147 169 344 375
19 0.9715969562530518 352 187 441 271
14 0.9993594288825989 0 0 351 467
14 0.9992707371711731 120 97 312 334
8 0.43892014026641846 63 215 117 328
14 0.9993228912353516 67 42 382 367
15 0.9704024195671082 354 123 461 221
15 0.9646468758583069 6 108 133 225
11 0.9989331364631653 236 215 307 327
14 0.9848789572715759 179 27 283 229
11 0.6379081010818481 189 188 255 310
8 0.9918747544288635 112 144 351 398
14 0.937686562538147 30 126 341 476
13 0.999864935874939 322 139 495 309
14 0.6298432946205139 261 129 310 272
14 0.998772919178009 240 50 498 354
11 0.9985713958740234 128 186 415 362
14 0.9959302544593811 94 78 343 319
19 0.984002411365509 251 68 378 201
14 0.8995550274848938 215 31 291 193
8 0.9938523769378662 100 5 249 211
14 0.9833336472511292 204 0 500 375
14 0.9787609577178955 40 6 157 249
14 0.45173180103302 79 10 217 229
17 0.9999057054519653 142 3 431 123
14 0.9947308301925659 160 174 274 354
14 0.999776303768158 45 172 183 388
12 0.9893150329589844 136 107 291 387
12 0.9042274951934814 90 163 240 382
17 0.9987019300460815 125 323 413 500
8 0.995732843875885 0 278 77 465
14 0.9920457601547241 58 244 352 496
17 0.9849307537078857 147 204 400 422
14 0.9994649291038513 102 0 415 375
2 0.9972042441368103 180 177 282 359
2 0.9960159659385681 15 162 180 282
14 0.9978159666061401 101 74 367 318
8 0.9965559244155884 27 164 319 500
8 0.8159123063087463 265 181 453 334
14 0.9895836114883423 69 11 301 356
14 0.9724507331848145 299 22 443 316
14 0.998873770236969 37 4 266 365
14 0.9997442364692688 53 43 213 333
12 0.9994471669197083 0 87 309 441
7 0.9377278089523315 140 161 224 277
14 0.7676546573638916 208 11 395 317
8 0.7209216356277466 95 98 165 204
14 0.9452885985374451 182 85 251 262
14 0.5713333487510681 231 178 258 252
15 0.519436240196228 269 198 333 285
6 0.9998636245727539 58 62 400 300
1 0.9980949759483337 294 211 427 312
14 0.981968104839325 318 130 382 293
14 0.9905681014060974 57 186 131 447
14 0.9996504783630371 266 130 372 474
14 0.9995372295379639 8 82 152 462
14 0.9327747821807861 68 142 303 492
8 0.8823421001434326 57 148 312 487
14 0.9995450377464294 5 12 114 368
0 0.9981264472007751 10 0 492 362
14 0.5850388407707214 24 17 217 355
14 0.9986849427223206 50 132 249 333
17 0.9671952128410339 7 97 470 333
14 0.7682854533195496 134 25 406 325
1 0.9681276082992554 67 173 324 462
14 0.6928052306175232 74 147 318 490
14 0.999093770980835 2 133 230 232
14 0.966835618019104 275 124 467 228
17 0.9184694886207581 31 117 445 304
14 0.9035440683364868 20 143 323 290
14 0.8124729990959167 202 125 439 297
14 0.689600944519043 110 118 256 221
14 0.46209707856178284 167 113 341 329
14 0.4281218647956848 241 115 381 229
17 0.9117721915245056 2 110 283 500
14 0.9023099541664124 7 29 271 491
12 0.9999909400939941 56 155 365 444
14 0.9939392805099487 145 60 271 290
14 0.9999017715454102 107 92 329 325
14 0.9989579916000366 322 95 494 321
8 0.9987626075744629 6 102 155 375
8 0.9658177495002747 148 305 400 370
10 0.9093242287635803 80 241 442 371
8 0.681547999382019 67 105 303 372
8 0.4168618321418762 48 290 379 350
14 0.8186544179916382 22 29 46 95
14 0.9995850920677185 135 9 488 325
10 0.9999487400054932 0 196 176 336
10 0.9999481439590454 218 239 471 356
14 0.9807886481285095 158 81 252 326
8 0.9294728636741638 183 223 259 335
8 0.8423230051994324 85 201 174 310
14 0.4126111567020416 221 93 313 293
14 0.9999239444732666 75 31 264 471
1 0.9990148544311523 60 164 206 311
1 0.9839218854904175 207 172 291 319
1 0.9643469452857971 320 171 409 313
14 0.8963413834571838 320 106 394 273
14 0.5402082204818726 207 100 285 295
19 0.9998630285263062 299 114 375 209
14 0.9998502731323242 50 60 195 456
14 0.9998729228973389 93 205 200 446
14 0.9939236044883728 189 218 296 455
6 0.949235737323761 8 146 317 378
14 0.9997684359550476 27 124 212 500
17 0.9992628693580627 0 182 372 500
14 0.9927265644073486 124 289 236 431
13 0.9959651231765747 60 119 251 406
14 0.977809488773346 59 45 251 354
11 0.9997597336769104 91 246 275 499
14 0.9969280362129211 16 0 314 475
14 0.9992631077766418 50 180 177 371
14 0.998982846736908 382 75 499 373
14 0.9971492886543274 271 58 391 280
14 0.9968212842941284 136 97 206 240
14 0.9912388920783997 205 224 409 375
14 0.988495945930481 168 71 278 265
14 0.9611487984657288 110 196 243 375
14 0.6606735587120056 146 210 322 369
14 0.5092301964759827 152 140 274 343
14 0.4173855185508728 209 80 348 285
8 0.9973130822181702 252 242 336 331
17 0.9926137924194336 100 78 404 245
10 0.9863807559013367 0 170 105 283
10 0.9691986441612244 386 194 492 280
14 0.9646933674812317 46 107 155 320
17 0.9071909785270691 3 118 164 325
10 0.8831720948219299 277 276 498 331
17 0.5297876596450806 29 99 277 318
10 0.526884913444519 243 113 371 226
10 0.5234646797180176 361 227 497 325
10 0.49446991086006165 18 131 160 329
8 0.47405806183815 348 180 406 293
11 0.9995241165161133 108 106 318 250
14 0.986781895160675 238 65 423 255
14 0.9947559833526611 176 90 320 264
6 0.9815564155578613 3 9 500 330
18 0.9982958436012268 12 2 453 291
14 0.7518784403800964 222 61 302 221
17 0.9976798892021179 3 132 500 369
14 0.9890643954277039 206 66 323 354
17 0.947763979434967 0 28 481 279
14 0.9999728202819824 47 31 242 320
14 0.999873161315918 276 73 395 215
10 0.9937195777893066 7 200 110 316
8 0.655045211315155 8 201 97 333
10 0.5930597186088562 0 203 57 312
14 0.987680196762085 12 36 258 358
14 0.9362148642539978 175 11 432 370
17 0.8916109204292297 71 11 453 361
6 0.9979384541511536 51 135 193 216
14 0.9710320234298706 109 208 194 335
14 0.5316717624664307 240 133 276 226
8 0.9979579448699951 0 127 240 371
11 0.9317123889923096 249 118 352 241
14 0.9198514223098755 8 0 283 371
6 0.9994705319404602 315 58 458 114
6 0.9980477094650269 42 53 201 179
13 0.9881799221038818 149 136 329 244
14 0.986069917678833 172 54 441 328
17 0.9847788214683533 18 88 474 321
14 0.9651350378990173 68 218 291 466
8 0.7684776186943054 23 108 328 467
14 0.9976440072059631 163 31 285 214
14 0.9923417568206787 121 9 232 192
1 0.9809684157371521 264 210 388 346
14 0.9735311269760132 269 106 421 294
1 0.9377421736717224 110 85 197 204
14 0.5748797655105591 274 163 390 340
1 0.5457772016525269 173 134 264 267
7 0.9918923377990723 8 8 267 368
14 0.9884201288223267 15 0 474 375
14 0.9982483386993408 81 11 175 176
11 0.992863118648529 339 192 422 271
11 0.8800950050354004 220 179 277 259
12 0.7527886629104614 93 91 167 268
11 0.5049853324890137 16 207 64 277
17 0.9967261552810669 67 194 335 413
14 0.9645503759384155 162 182 319 318
12 0.9703256487846375 128 147 290 233
14 0.9700174331665039 175 130 227 229
14 0.996359646320343 11 13 462 362
14 0.9634939432144165 10 12 462 359
14 0.9429152607917786 144 130 260 308
17 0.916048526763916 0 53 492 359
12 0.9999958276748657 50 146 347 451
14 0.9956969022750854 156 109 275 282
14 0.9994003772735596 266 5 409 367
13 0.9945918917655945 0 15 491 361
12 0.9984560012817383 55 188 490 333
12 0.8205823302268982 69 67 482 216
14 0.6834753155708313 221 93 294 281
3 0.9999114274978638 0 2 378 270
14 0.9702714681625366 147 168 203 373
14 0.9620544910430908 202 181 251 361
14 0.99979168176651 114 4 347 393
14 0.43217921257019043 24 180 66 232
14 0.9988386034965515 4 52 192 330
4 0.693466067314148 162 272 229 356
14 0.9791186451911926 185 142 274 313
12 0.9718286395072937 172 171 280 355
15 0.99941086769104 4 278 113 372
14 0.9986226558685303 122 123 241 373
8 0.948194146156311 436 301 500 373
14 0.9450451135635376 230 114 344 367
15 0.6572141647338867 20 168 91 227
14 0.9995747208595276 227 25 340 278
13 0.9934636354446411 12 118 222 333
14 0.9931530952453613 10 27 223 318
14 0.5649288296699524 347 100 448 257
13 0.9999427795410156 133 156 405 362
14 0.9863085150718689 89 75 195 335
8 0.9170800447463989 55 67 426 330
14 0.8785291314125061 53 76 344 330
14 0.9987837672233582 136 84 244 378
11 0.5048850178718567 95 149 171 243
14 0.9990671277046204 13 0 149 359
13 0.9985451698303223 0 249 326 500
14 0.9792661070823669 46 66 316 479
14 0.9990277290344238 110 65 219 229
6 0.9654608964920044 42 48 180 103
6 0.8281362056732178 246 13 327 72
14 0.9999592304229736 2 293 104 498
17 0.9927190542221069 2 268 353 490
17 0.7173155546188354 0 123 362 354
7 0.5046741962432861 133 228 287 293
17 0.9342875480651855 32 54 367 370
14 0.9331241846084595 80 72 324 375
1 0.9993218183517456 158 155 335 278
14 0.9979263544082642 185 60 291 247
3 0.9876381158828735 9 152 500 373
14 0.9808289408683777 325 88 471 375
3 0.9465761780738831 1 57 500 296
14 0.998393714427948 178 99 376 246
8 0.9978925585746765 18 211 221 368
14 0.9400987029075623 86 133 327 318
15 0.9147133231163025 238 14 359 192
14 0.7473119497299194 24 153 252 369
14 0.9988687634468079 282 0 469 372
12 0.9979897737503052 144 156 404 375
14 0.9715262055397034 46 51 174 362
14 0.8297066688537598 151 52 255 286
14 0.9999722242355347 189 262 303 474
12 0.9994246959686279 101 147 259 500
14 0.9899957180023193 91 57 241 347
8 0.9557375907897949 208 138 386 312
14 0.9193227887153625 199 82 293 260
8 0.6603756546974182 439 130 496 205
14 0.9995853304862976 359 107 496 307
14 0.9962092638015747 9 118 222 362
14 0.992639422416687 228 55 365 219
4 0.45471376180648804 126 56 149 122
4 0.44162359833717346 97 64 123 129
